0.012821, -0.626521
0.025641, -0.615816
0.038462, -0.603750
0.051282, -0.586091
0.064103, -0.573577
0.076923, -0.565741
0.089744, -0.545390
0.102564, -0.533708
0.115385, -0.515777
0.128205, -0.500570
0.141026, -0.470396
0.153846, -0.456231
0.166667, -0.435462
0.179487, -0.421056
0.192308, -0.404871
0.205128, -0.385914
0.217949, -0.363784
0.230769, -0.339362
0.243590, -0.314203
0.256410, -0.286704
0.269231, -0.267234
0.282051, -0.258789
0.294872, -0.238677
0.307692, -0.223677
0.320513, -0.218261
0.333333, -0.206386
1.012821, -0.370087
1.025641, -0.337760
1.038462, -0.315503
1.051282, -0.293845
1.064103, -0.279139
1.076923, -0.273008
1.089744, -0.267102
1.102564, -0.261582
1.115385, -0.259635
1.128205, -0.256226
1.141026, -0.254483
1.153846, -0.253153
1.166667, -0.252274
1.179487, -0.250733
1.192308, -0.248049
1.205128, -0.245764
1.217949, -0.241580
1.230769, -0.232420
1.243590, -0.219025
1.256410, -0.203081
1.269231, -0.198111
1.282051, -0.193852
1.294872, -0.191464
1.307692, -0.183690
1.320513, -0.176821
1.333333, -0.171948
1.346154, -0.160918
1.358974, -0.157793
2.012821, -0.300370
2.025641, -0.249953
2.038462, -0.227588
2.051282, -0.209529
2.064103, -0.197362
2.076923, -0.183315
2.089744, -0.179509
2.102564, -0.175711
2.115385, -0.173800
2.128205, -0.173079
2.141026, -0.172426
2.153846, -0.171669
2.166667, -0.170982
2.179487, -0.170519
2.192308, -0.169822
2.205128, -0.168255
2.217949, -0.166785
2.230769, -0.166203
2.243590, -0.165180
2.256410, -0.163635
2.269231, -0.162209
2.282051, -0.161008
2.294872, -0.159757
2.307692, -0.156328
2.320513, -0.155188
2.333333, -0.153926
2.346154, -0.152899
2.358974, -0.152023
2.371795, -0.150996
2.384615, -0.150886
3.012821, -0.368679
3.025641, -0.292664
3.038462, -0.243972
3.051282, -0.214690
3.064103, -0.195540
3.076923, -0.183589
3.089744, -0.171762
3.102564, -0.166574
3.115385, -0.160898
3.128205, -0.159392
3.192308, -0.158340
3.205128, -0.157997
3.217949, -0.157768
4.012821, -0.360809
4.025641, -0.284806
4.038462, -0.248659
4.051282, -0.218944
4.064103, -0.199878
4.076923, -0.194168
4.089744, -0.188590
4.102564, -0.177472
4.115385, -0.171356
4.128205, -0.169223
4.141026, -0.168033
4.153846, -0.165793
4.166667, -0.164487
4.179487, -0.162688
4.192308, -0.162148
4.205128, -0.161051
4.282051, -0.159225
4.307692, -0.158906
4.320513, -0.158695
4.333333, -0.158219
4.346154, -0.156300
4.358974, -0.156095
4.371795, -0.149551
4.384615, -0.147680
4.397436, -0.144198
4.410256, -0.136743
4.423077, -0.127520
5.012821, -0.374133
5.025641, -0.289480
5.038462, -0.241622
5.051282, -0.217801
5.064103, -0.193210
5.076923, -0.179130
5.089744, -0.172465
5.102564, -0.163254
5.115385, -0.157177
5.128205, -0.150113
5.141026, -0.142846
5.153846, -0.137712
5.166667, -0.136750
5.179487, -0.136702
5.192308, -0.136482
5.230769, -0.135047
5.243590, -0.134581
6.012821, -0.343439
6.025641, -0.264602
6.038462, -0.224978
6.051282, -0.202923
6.064103, -0.174223
6.076923, -0.154365
6.089744, -0.145312
6.102564, -0.142206
6.115385, -0.138607
7.012821, -0.334018
7.025641, -0.268473
7.038462, -0.218281
7.051282, -0.190572
7.064103, -0.183597
7.076923, -0.169703
7.089744, -0.166156
7.102564, -0.164524
7.115385, -0.163991
7.128205, -0.160704
7.141026, -0.159957
7.153846, -0.158295
7.166667, -0.158209
8.012821, -0.303987
8.025641, -0.247742
8.038462, -0.217739
8.051282, -0.203168
8.064103, -0.192056
8.076923, -0.183401
8.089744, -0.180615
8.102564, -0.175425
8.115385, -0.170961
9.012821, -0.281989
9.025641, -0.234196
9.038462, -0.208229
9.051282, -0.189568
9.064103, -0.180408
9.076923, -0.176801
9.089744, -0.173562
9.102564, -0.171061
10.012821, -0.296340
10.025641, -0.268966
10.038462, -0.247704
10.051282, -0.234043
10.064103, -0.214015
10.076923, -0.199854
10.089744, -0.183685
10.102564, -0.177432
10.115385, -0.175303
10.128205, -0.172557
11.012821, -0.245150
11.025641, -0.215481
11.038462, -0.201293
11.051282, -0.191586
11.064103, -0.183591
11.076923, -0.175257
11.089744, -0.166035
11.102564, -0.162904
11.115385, -0.161367
11.128205, -0.160871
11.141026, -0.158504
11.166667, -0.157159
11.179487, -0.156047
11.192308, -0.155463
11.205128, -0.153551
11.217949, -0.152050
12.012821, -0.248607
12.025641, -0.224324
12.038462, -0.207239
12.051282, -0.195419
12.064103, -0.191621
12.076923, -0.186317
12.102564, -0.184093
13.012821, -0.245236
13.025641, -0.214379
13.038462, -0.198385
13.051282, -0.190437
13.064103, -0.182595
13.076923, -0.178307
13.089744, -0.170172
13.102564, -0.165474
13.115385, -0.162827
13.128205, -0.162411
13.141026, -0.161259
13.153846, -0.160957
14.012821, -0.228312
14.025641, -0.201171
14.038462, -0.186989
14.051282, -0.181048
14.064103, -0.171639
14.076923, -0.166468
14.089744, -0.164744
14.102564, -0.159061
14.115385, -0.157515
15.012821, -0.235461
15.025641, -0.216644
15.038462, -0.197705
15.051282, -0.192895
15.064103, -0.187700
15.102564, -0.184802
15.115385, -0.182599
16.012821, -0.223511
16.025641, -0.202001
16.038462, -0.185540
16.051282, -0.180762
16.064103, -0.178586
16.076923, -0.173147
16.089744, -0.171508
17.012821, -0.223237
17.025641, -0.197345
17.038462, -0.181788
17.051282, -0.176135
17.102564, -0.173405
18.012821, -0.232083
18.025641, -0.208854
18.038462, -0.187207
18.051282, -0.179311
18.064103, -0.169157
18.076923, -0.165820
18.089744, -0.161340
18.102564, -0.159879
19.012821, -0.225569
19.025641, -0.207357
19.038462, -0.190511
19.051282, -0.176618
19.064103, -0.166944
19.076923, -0.163800
19.089744, -0.158556
19.102564, -0.157581
19.115385, -0.156657
19.141026, -0.155957
19.153846, -0.155683
20.012821, -0.239346
20.025641, -0.212193
20.038462, -0.193708
20.051282, -0.184249
20.064103, -0.175106
20.076923, -0.172735
20.089744, -0.169499
21.012821, -0.249785
21.025641, -0.218324
21.038462, -0.197970
21.051282, -0.196247
21.064103, -0.193758
21.076923, -0.186123
21.089744, -0.181531
21.102564, -0.177758
22.012821, -0.265026
22.025641, -0.225637
22.038462, -0.203028
22.051282, -0.188595
22.064103, -0.184838
22.076923, -0.181225
22.089744, -0.174449
23.012821, -0.295834
23.025641, -0.255047
23.038462, -0.234819
23.051282, -0.220417
23.064103, -0.212614
23.076923, -0.208224
23.089744, -0.184671
23.102564, -0.178196
23.115385, -0.172987
23.128205, -0.170905
23.141026, -0.170860
23.153846, -0.168814
23.166667, -0.167206
23.179487, -0.163477
